0
0.00837343
0.0180983
0.0294216
0.0434606
0.0619766
0.0852397
0.11436
0.15102
0.195547
0.248278
0.310172
0.380654
0.458247
0.541975
0.629152
0.715719
0.798049
0.871406
0.930268
0.970175
0.987431
0.979068
0.944281
0.884716
0.803285
0.705202
0.596621
0.484527
0.375635
0.275449
0.18893
0.1189
0.0661211
0.0296058
0.0078091
-0.00331999
-0.00747438
-0.00700516
-0.00495841
-0.00288828
-0.00103684
0.000389879
0.000926196
0.000859846
0.000507661
1.65928e-05
-0.000313186
-0.000435692
-5.11273e-05
0.000432037
8.60443e-05
-7.4496e-05
-8.59229e-05
-0.000225742
-5.36282e-05
0.000238177
0.000289223
-7.7834e-05
-0.000331381
-0.000159974
0.000239833
0.000200165
-6.04132e-05
-7.16865e-06
-0.000157593
-0.000172033
0.000221489
0.000197681
3.85104e-05
-0.00031872
-0.000215529
0.000354611
0.000197829
-0.00016383
-0.000183604
-4.21903e-05
0.000200762
5.41625e-05
-7.59976e-05
-2.47984e-05
-7.76329e-05
5.498e-07
0.000137431
7.66497e-05
-0.000135721
-0.000169957
8.83091e-05
0.000246615
-5.37674e-06
-0.000304504
-6.0254e-05
0.000291352
0.000133556
-0.000211353
-0.000256746
0.000170795
0.000322929
-0.00013028
-0.000296782
0
0.00380748
0.00385426
-0.00437725
0.00765113
-0.00697235
-0.00416127
0.00365047
-0.000837725
0.00557666
-0.00620422
0.000387499
0.00268853
-0.00474772
0.0017565
0.000864827
-0.00539182
-0.00192013
-0.00168559
-0.00239051
0.000767305
3.9357e-05
0.00317039
-0.0051893
-0.0040697
-0.00302749
0.00795377
-0.00824556
0.00772767
-0.0043948
0.00413531
0.00314497
0.00751557
-0.00570057
0.00400053
0.0042275
0.000983896
0.00271913
0.00253974
0.0023745
-0.00164302
0.00125958
0.0023544
-0.000920809
0.00319204
0.00227828
-0.00600904
0.00337838
-0.0037131
0.000919096
0.00706516
-0.00333472
-0.000139394
-0.00923819
-0.00198659
0.00384922
0.00101302
-0.00393409
-0.0071909
-0.003097
-0.00715038
-0.00750842
-0.00609442
-0.00297314
-0.00399209
-0.00444363
0.00295826
0.0201283
0.0337408
0.067904
0.120575
0.185919
0.282999
0.375153
0.487573
0.599586
0.707409
0.812452
0.890874
0.948499
0.980384
0.987564
0.964564
0.927926
0.869685
0.792107
0.711348
0.627811
0.538617
0.468657
0.383257
0.303612
0.250628
0.200429
0.160316
0.117882
0.0962372
0.0705831
0.0589655
0.0589017
