-0.0232328
-0.0266267
-0.0334557
-0.0441938
-0.0598369
-0.0805068
-0.107558
-0.141827
-0.183922
-0.23446
-0.294083
-0.362314
-0.438126
-0.520762
-0.607186
-0.69419
-0.778151
-0.854254
-0.916993
-0.962159
-0.985594
-0.983485
-0.95537
-0.901977
-0.825467
-0.73085
-0.624543
-0.51266
-0.402074
-0.299465
-0.209254
-0.134688
-0.0776219
-0.0373893
-0.0121066
0.00154543
0.00691076
0.00725521
0.00563659
0.00347442
0.00134657
-0.000197485
-0.000629086
-0.000976018
-0.000805693
6.45785e-07
0.000355408
0.000314372
7.19512e-05
-0.000140816
-0.000204515
-0.000142993
0.000139328
0.000358845
7.18238e-05
-0.000373838
-0.000177198
0.000146915
5.77209e-05
0.00020427
1.70056e-05
-0.00019289
-0.000190842
-3.1845e-05
0.000379905
0.000159729
-0.000341983
-0.00018254
0.000108085
0.000196724
4.46438e-05
-9.99918e-05
-8.99908e-05
-5.06512e-05
4.06262e-05
0.000162952
0.000106846
-0.000267942
-0.000184974
0.000233515
0.00022772
-5.68342e-05
-0.000344422
-4.52622e-05
0.000406152
2.58934e-05
-0.00024258
-0.000147131
0.000125441
0.000297811
-0.000168052
-0.000237362
0.000116545
0.000119599
8.22488e-05
-0.000199137
-0.000112055
0.000247352
1.65135e-05
-9.66192e-05
-0.00261253
0.0046186
7.88141e-05
-0.00207178
-0.000973397
0.00252074
-0.00341281
0.00159619
0.00249072
-0.00293624
-0.00186957
-0.000739826
0.00556464
-0.00251142
-0.00181742
-0.00392832
-0.00152325
-0.00369075
-0.000210271
-0.000170179
0.000324189
-0.00469905
0.000912176
-0.0042442
0.00322078
-0.00420037
0.00221967
-0.00209357
0.00495074
-0.00392035
0.00918826
-0.00276758
0.00715116
-0.00380584
0.00619442
0.00185112
0.00023891
0.00277237
0.00551068
-0.000921203
0.00109186
-0.0020896
0.00280156
0.00229707
0.00264154
-0.00148307
-0.00303817
0.00440274
-0.0042147
0.00649804
0.00482118
-0.00145052
-0.000785979
-0.00488925
0.00340594
0.00614156
0.0109103
0.00108946
0.00685733
0.00588155
0.000170006
0.00316348
-0.0044985
-0.00541726
-0.0157127
-0.0134752
-0.00367851
0.0132056
0.0372046
0.0734665
0.129141
0.201934
0.300593
0.403907
0.516789
0.625
0.729286
0.824935
0.905369
0.959616
0.98759
0.985392
0.958343
0.914736
0.849293
0.776871
0.692667
0.605365
0.512462
0.437637
0.368753
0.295238
0.234693
0.179416
0.138103
0.102123
0.0692604
0.0445447
0.0242255
0
