-8.62783e-06
2.16224e-06
3.87078e-06
-8.85481e-06
1.25229e-05
-1.40311e-05
1.22921e-05
-7.36063e-06
-1.40928e-06
1.44051e-05
-3.21755e-05
5.48024e-05
-8.20182e-05
0.000113596
-0.000148621
0.000185267
-0.000221952
0.000255951
-0.000284679
0.000304314
-0.000311935
0.000303978
-0.000278218
0.000232294
-0.000167989
8.28172e-05
5.69425e-06
-0.000122676
0.00018377
-0.000349608
0.000234194
-0.000620672
-0.000112405
-0.00119914
-0.00141691
-0.00290073
-0.00478379
-0.00739979
-0.0120582
-0.0172371
-0.0257935
-0.0355136
-0.0492187
-0.0657845
-0.0863386
-0.111636
-0.140228
-0.173462
-0.208058
-0.244106
-0.278943
-0.310937
-0.339292
-0.360994
-0.375808
-0.381443
-0.378326
-0.367514
-0.349925
-0.327635
-0.300996
-0.272077
-0.242621
-0.214255
-0.187519
-0.161515
-0.137062
-0.114596
-0.0950485
-0.0775873
-0.0608196
-0.0465709
-0.035005
-0.0259062
-0.0186155
-0.011798
-0.00773332
-0.0056828
-0.00310134
-0.00164793
-0.000993212
-0.000471183
-0.000639209
2.25932e-05
0.000275271
-0.000539758
0.000100016
0.00041055
-0.000511399
7.97434e-05
0.000425642
-0.00050102
3.29308e-05
0.000499087
-0.00045579
-0.00013802
0.000555444
-0.000290933
-0.000326959
0.000537357
-6.3945e-05
1.21406e-05
-1.00548e-05
1.61183e-05
-2.64857e-05
4.21309e-05
-4.61898e-05
0.000118499
0.000207111
0.0011413
0.00407293
0.0118505
0.0297686
0.0613926
0.109166
0.173236
0.252735
0.350447
0.466573
0.588715
0.692769
0.751981
0.747911
0.679679
0.56513
0.431814
0.30483
0.199646
0.121574
0.0688527
0.0362411
0.017715
0.00803934
0.00338862
0.00132811
0.000484803
0.000165154
5.26214e-05
1.57175e-05
4.41119e-06
1.16588e-06
2.90822e-07
6.86075e-08
1.5337e-08
3.25487e-09
6.56911e-10
1.26289e-10
2.3162e-11
4.05842e-12
6.80283e-13
1.09225e-13
1.68175e-14
2.48595e-15
3.53157e-16
4.82626e-17
6.35073e-18
8.05349e-19
9.85028e-20
1.16293e-20
1.32624e-21
1.46201e-22
1.55894e-23
1.6089e-24
1.60808e-25
1.55743e-26
1.4624e-27
1.33199e-28
1.17741e-29
1.01051e-30
8.42444e-32
6.82505e-33
5.3754e-34
4.11741e-35
3.06835e-36
2.22538e-37
1.57134e-38
1.08054e-39
7.23827e-41
4.72378e-42
2.98477e-43
1.68156e-44
0
0
0
0
0
0
0
0
0
0
0
0
0
0
0
0
0
0
0
