-1.08112e-06
-1.81205e-05
3.71893e-05
-5.56304e-05
7.3201e-05
-8.94621e-05
0.000104296
-0.000117123
0.000126897
-0.000133042
0.00013453
-0.000130389
0.000119707
-0.000101359
7.50823e-05
-4.0311e-05
-2.55747e-06
5.26992e-05
-0.00010834
0.000166955
-0.000224494
0.000276822
-0.000318422
0.000344934
-0.00034791
0.000333723
-0.00027408
0.000230399
-6.63797e-05
9.94232e-05
0.00032132
0.000176421
0.00108305
0.00103791
0.00284197
0.00384075
0.00700725
0.0104731
0.0159219
0.0234481
0.0326717
0.045776
0.0609452
0.0811543
0.104641
0.132837
0.164891
0.19909
0.235362
0.270127
0.303481
0.332565
0.356187
0.373007
0.380705
0.38008
0.37077
0.354896
0.333664
0.307904
0.279533
0.249853
0.221269
0.194029
0.167964
0.143043
0.119849
0.0998478
0.0816862
0.0649478
0.0499831
0.0373602
0.0282576
0.0202679
0.0131776
0.00884825
0.00580204
0.00380636
0.00222399
0.000608681
0.000846559
0.000805194
-0.000361521
0.000132131
0.000399666
-0.000362777
9.7995e-05
0.000214807
-0.000307606
0.000141443
0.000145482
-0.000260486
0.000105444
9.72127e-05
-0.000153738
8.51126e-05
2.08701e-05
-8.53892e-05
7.76681e-05
-3.46666e-05
1.58512e-05
-2.59602e-05
3.54664e-05
-3.82353e-05
3.18378e-05
-1.39148e-06
-1.70928e-06
0.000298158
0.000744501
0.00386785
0.0122129
0.0342465
0.0797269
0.154649
0.262774
0.402311
0.574054
0.784459
1.02581
1.26297
1.44324
1.51677
1.45831
1.28122
1.03139
0.764596
0.524637
0.334358
0.198194
0.10925
0.0559568
0.0266145
0.0117547
0.00482435
0.00184237
0.00065585
0.000218086
6.78925e-05
1.98329e-05
5.44892e-06
1.41111e-06
3.45191e-07
7.99258e-08
1.75499e-08
3.66103e-09
7.26788e-10
1.37523e-10
2.48401e-11
4.28887e-12
7.08784e-13
1.12253e-13
1.70565e-14
2.48922e-15
3.49268e-16
4.71617e-17
6.13408e-18
7.69141e-19
9.30484e-20
1.0869e-20
1.22675e-21
1.33877e-22
1.41358e-23
1.44499e-24
1.43085e-25
1.37323e-26
1.27804e-27
1.15403e-28
1.01149e-29
8.60963e-31
7.1198e-32
5.7226e-33
4.47232e-34
3.39978e-35
2.5148e-36
1.81068e-37
1.26942e-38
8.66838e-40
5.7669e-41
3.73446e-42
2.29813e-43
1.12104e-44
0
0
0
0
0
0
0
0
0
0
0
0
0
0
0
0
0
0
0
