0
0
0
0
0
0
0
0
0
2.8026e-45
1.59748e-43
7.86128e-42
3.46903e-40
1.37277e-38
4.90288e-37
1.58911e-35
4.69598e-34
1.27026e-32
3.156e-31
7.22327e-30
1.52683e-28
2.98718e-27
5.41967e-26
9.13351e-25
1.43175e-23
2.09016e-22
2.84455e-21
3.61184e-20
4.28166e-19
4.74119e-18
4.90581e-17
4.74435e-16
4.28865e-15
3.6234e-14
2.86073e-13
2.10986e-12
1.45291e-11
9.33583e-11
5.59311e-10
3.1212e-09
1.62056e-08
7.81813e-08
3.49923e-07
1.45049e-06
5.55733e-06
1.96368e-05
6.38362e-05
0.000190421
0.000519792
0.00129497
0.00293804
0.00606391
0.0113991
0.0196202
0.0312767
0.047043
0.0682729
0.0972586
0.136482
0.187256
0.249427
0.322682
0.407126
0.501305
0.600675
0.699687
0.793666
0.876788
0.941734
0.983568
0.999901
0.988364
0.949409
0.887286
0.806113
0.711472
0.61091
0.509722
0.413137
0.325918
0.249575
0.185859
0.134717
0.0946279
0.0649233
0.043118
0.0279026
0.0176316
0.0106888
0.0064838
0.00365426
0.00214295
0.00112207
0.000631252
0.000316372
0.000160389
8.63415e-05
3.20408e-05
2.36707e-05
5.40753e-06
3.72665e-06
5.40753e-06
2.36707e-05
3.20408e-05
8.63415e-05
0.000160389
0.000316372
0.000631252
0.00112207
0.00214295
0.00365426
0.0064838
0.0106888
0.0176316
0.0279026
0.043118
0.0649233
0.0946279
0.134717
0.185859
0.249575
0.325918
0.413137
0.509722
0.61091
0.711472
0.806113
0.887286
0.949409
0.988364
0.999901
0.983568
0.941734
0.876788
0.793666
0.699687
0.600675
0.501305
0.407126
0.322682
0.249427
0.187256
0.136482
0.0972586
0.0682729
0.047043
0.0312767
0.0196202
0.0113991
0.00606391
0.00293804
0.00129497
0.000519792
0.000190421
6.38362e-05
1.96368e-05
5.55733e-06
1.45049e-06
3.49923e-07
7.81813e-08
1.62056e-08
3.1212e-09
5.59311e-10
9.33583e-11
1.45291e-11
2.10986e-12
2.86073e-13
3.6234e-14
4.28865e-15
4.74435e-16
4.90581e-17
4.74119e-18
4.28166e-19
3.61184e-20
2.84455e-21
2.09016e-22
1.43175e-23
9.13351e-25
5.41967e-26
2.98718e-27
1.52683e-28
7.22327e-30
3.156e-31
1.27026e-32
4.69598e-34
1.58911e-35
4.90288e-37
1.37277e-38
3.46903e-40
7.86128e-42
1.59748e-43
2.8026e-45
0
0
0
0
0
0
0
0
