-0.0232331
-0.0266273
-0.0334559
-0.044194
-0.0598369
-0.0805066
-0.107558
-0.141827
-0.183923
-0.234461
-0.294083
-0.362314
-0.438125
-0.520762
-0.607185
-0.694191
-0.778152
-0.854255
-0.916993
-0.962159
-0.985593
-0.983485
-0.955369
-0.901976
-0.825466
-0.73085
-0.624543
-0.512661
-0.402074
-0.299465
-0.209255
-0.134688
-0.0776215
-0.0373896
-0.0121059
0.00154555
0.0069105
0.00725507
0.00563601
0.00347441
0.00134607
-0.000197433
-0.000628979
-0.000975702
-0.000805188
7.29488e-07
0.000355416
0.000314481
7.16341e-05
-0.00014079
-0.000203699
-0.000142884
0.000140174
0.000358331
7.16585e-05
-0.000373797
-0.000176914
0.000146774
5.80047e-05
0.000203414
1.66593e-05
-0.000192485
-0.000190263
-3.1892e-05
0.00038034
0.000159622
-0.000342093
-0.000182716
0.000107825
0.00019671
4.5379e-05
-0.000100135
-9.02481e-05
-5.10937e-05
4.08015e-05
0.000163464
0.000106861
-0.000267845
-0.000185317
0.000233533
0.000227346
-5.66245e-05
-0.000344111
-4.58557e-05
0.000405905
2.65344e-05
-0.000242591
-0.000147171
0.000125439
0.000297832
-0.000168318
-0.000236937
0.000116659
0.00011976
8.23818e-05
-0.000199092
-0.000112209
0.000247698
1.71791e-05
-9.71721e-05
-9.05523e-05
0.000117197
1.18157e-05
9.29962e-07
-9.92691e-05
-3.04552e-05
0.000210771
-5.52729e-05
-0.000143987
-1.85358e-05
0.000104481
0.000197331
-0.000215815
-0.000221291
0.000223952
0.000177573
-1.99172e-05
-0.0003229
-6.79318e-05
0.000417169
4.19247e-05
-0.000267755
-0.000148588
0.000104354
0.000296984
-9.29491e-05
-0.000194351
9.6463e-06
-6.64416e-06
0.000106214
0.000129606
-5.52304e-05
-0.000227904
-0.000102734
0.000243133
0.000278879
-0.000150009
-0.000371376
3.54464e-05
0.000233159
6.74371e-05
8.83154e-05
-0.000168477
-0.000192015
-5.87903e-05
0.000173639
0.000375016
-9.72926e-05
-0.000383254
-5.03756e-05
9.74491e-05
0.000143728
0.000199297
-8.47361e-06
-0.000432919
-0.000356764
0.000148077
0.000668113
0.000982148
0.000690107
0.000178171
-0.00135258
-0.00352645
-0.00554756
-0.00726824
-0.00698889
-0.0015086
0.0121993
0.0372795
0.0775758
0.134878
0.209128
0.299386
0.402249
0.512601
0.624441
0.73095
0.825513
0.901836
0.955436
0.983552
0.985485
0.962184
0.917007
0.854237
0.778053
0.694165
0.60708
0.520496
0.437762
0.361709
0.293058
0.232666
0.181276
0.137492
0.100749
0.0702489
0.0443608
0.0211576
0
