-1.86806
-1.87013
-1.85441
-1.79705
-1.675
-1.52122
-1.50596
-1.4695
-1.37183
-1.24951
-1.12156
-0.974723
-0.793529
-0.565392
-0.349667
-0.157587
0.0774747
0.288237
0.496754
0.720885
0.898567
1.0505
1.19291
1.33228
1.4102
1.44607
1.4748
1.49326
1.4299
1.33644
1.19877
1.04654
0.862022
0.695461
0.490178
0.279083
0.0777849
-0.148965
-0.394674
-0.628576
-0.805271
-1.01524
-1.203
-1.34444
-1.43246
-1.55038
-1.63373
-1.68483
-1.71178
-1.66541
-1.58967
-1.47247
-1.34217
-1.16286
-1.00346
-0.836087
-0.631602
-0.433293
-0.227492
-0.00618988
0.210379
0.398197
0.608743
0.782329
0.937039
1.085
1.19269
1.28808
1.34541
1.3762
1.37646
1.35841
1.29175
1.19807
1.10409
0.947073
0.791819
0.622766
0.421224
0.235187
0.0233969
-0.190308
-0.381375
-0.575692
-0.774671
-0.948515
-1.09105
-1.22245
-1.32437
-1.39598
-1.43052
-1.42379
-1.39979
-1.35011
-1.26921
-1.16492
-1.04218
-0.890927
-0.717891
-0.534583
-0.31532
-0.104116
0.103377
0.294225
0.442274
0.539212
0.584573
0.578208
0.525424
0.434636
0.313612
0.173804
0.030468
-0.102407
-0.21482
-0.300629
-0.352779
-0.369385
-0.35207
-0.305821
-0.23579
-0.146337
-0.0493194
0.0432683
0.127026
0.198165
0.248503
0.273458
0.273279
0.248674
0.205427
0.149416
0.0840574
0.0175271
-0.0436092
-0.0962608
-0.135306
-0.159509
-0.169462
-0.162212
-0.140042
-0.109413
-0.0713759
-0.0274856
0.0158076
0.0548186
0.0878711
0.110383
0.120522
0.121604
0.114362
0.0963988
0.0699693
0.0413271
0.0132238
-0.0148112
-0.0404136
-0.0587612
-0.0682826
-0.0715061
-0.0702567
-0.0632484
-0.0490864
-0.0295339
-0.0086652
0.0103235
0.0265978
0.0404486
0.0514847
0.0582935
0.0595369
0.0551336
0.0465093
0.0359297
0.0255599
0.0168342
0.0103163
0.00590905
0.0031764
0.00160822
0.00076939
0.000348807
0.000150237
6.16204e-05
2.41176e-05
9.02448e-06
3.23397e-06
1.11162e-06
3.67036e-07
1.16564e-07
3.56496e-08
1.05116e-08
2.99136e-09
8.2238e-10
2.18615e-10
5.62431e-11
1.40186e-11
3.40569e-12
8.88413e-13
6.02731e-13
