1.00575
1.00099
0.996301
0.966108
0.901057
-0.841261
-0.893674
-0.932702
-0.941509
-0.936793
-0.893299
-0.848476
-0.790021
-0.688753
-0.578865
-0.465087
-0.320825
-0.206726
-0.0461372
0.116078
0.254447
0.382107
0.525097
0.664181
0.772307
0.849342
0.931008
1.00121
1.03275
1.03109
0.987274
0.942985
0.879421
0.829551
0.737073
0.647989
0.520964
0.399439
0.263235
0.117949
-0.0226505
-0.168816
-0.317494
-0.462718
-0.557623
-0.691235
-0.818266
-0.93312
-0.996503
-1.04445
-1.04826
-1.01215
-1.00381
-0.951288
-0.893296
-0.833883
-0.754891
-0.641339
-0.538696
-0.410353
-0.25962
-0.13629
0.014191
0.162173
0.301508
0.434961
0.572644
0.68339
0.791969
0.89744
0.941419
1.01087
1.05672
1.05768
1.06067
1.02449
0.980663
0.925762
0.836004
0.727634
0.617885
0.493248
0.360496
0.229208
0.0668423
-0.0777966
-0.209496
-0.350861
-0.459128
-0.568106
-0.657428
-0.713648
-0.779173
-0.822259
-0.840881
-0.848156
-0.831944
-0.789634
-0.725931
-0.653822
-0.198821
0.226964
0.625239
0.955406
1.17747
1.29067
1.29627
1.20217
1.02562
0.786251
0.502739
0.20392
-0.0801217
-0.324108
-0.514233
-0.639117
-0.689999
-0.669537
-0.585538
-0.452136
-0.278843
-0.0807816
0.114387
0.288922
0.437741
0.550324
0.612377
0.621908
0.581298
0.496898
0.384209
0.252387
0.112038
-0.0191382
-0.132796
-0.221777
-0.278204
-0.304492
-0.299536
-0.260385
-0.198576
-0.124332
-0.0379591
0.0522861
0.134026
0.203487
0.255536
0.281902
0.284871
0.271634
0.240368
0.189117
0.127696
0.0674618
0.0100926
-0.0443163
-0.0882109
-0.11379
-0.122429
-0.120376
-0.109113
-0.0853498
-0.0488476
-0.00594704
0.0350636
0.0697365
0.0979593
0.120308
0.135318
0.140204
0.133459
0.116551
0.0935101
0.0691488
0.0473251
0.0301076
0.0178806
0.00995229
0.00521039
0.00257421
0.0012037
0.000534134
0.000225462
9.07252e-05
3.48711e-05
1.28251e-05
4.52086e-06
1.52966e-06
4.97483e-07
1.55712e-07
4.69608e-08
1.36613e-08
3.83732e-09
1.04174e-09
2.73566e-10
6.95463e-11
1.71081e-11
3.97925e-12
4.44207e-13
0
