0.00 0.00 0.00 0.00 0.00 0.00 0.00 0.00 0.00 0.00 0.00 0.00 0.00 0.00 0.00 0.00 0.00 0.00 0.00 0.00 0.00 0.00 0.00 0.00 0.00 0.00 0.00 0.00 0.00 0.00 0.00 0.00 0.00 0.00 0.00 0.00 0.00 0.00 0.00 0.00 0.00 0.00 0.00 0.00 0.00 0.00 0.00 0.00 0.00 0.00
0.00 -0.00 -0.00 -0.01 -0.01 -0.01 -0.01 -0.01 -0.02 -0.02 -0.02 -0.03 -0.03 -0.03 -0.03 -0.03 -0.03 -0.03 -0.03 -0.03 -0.03 -0.03 -0.03 -0.03 -0.02 -0.02 -0.02 -0.02 -0.01 -0.01 -0.01 -0.01 -0.00 -0.00 -0.00 -0.00 -0.00 -0.00 -0.00 -0.00 -0.00 -0.00 -0.00 -0.00 -0.00 -0.00 -0.00 -0.00 -0.00 -0.00
0.00 -0.00 -0.01 -0.01 -0.02 -0.03 -0.04 -0.04 -0.05 -0.06 -0.07 -0.08 -0.08 -0.09 -0.09 -0.10 -0.10 -0.10 -0.10 -0.10 -0.10 -0.09 -0.09 -0.08 -0.07 -0.06 -0.06 -0.05 -0.04 -0.03 -0.02 -0.02 -0.01 -0.01 -0.00 -0.00 -0.00 -0.00 -0.00 -0.00 -0.00 -0.00 -0.00 -0.00 -0.00 -0.00 -0.00 -0.00 -0.00 -0.00
0.00 -0.01 -0.02 -0.03 -0.05 -0.06 -0.08 -0.10 -0.11 -0.13 -0.14 -0.16 -0.17 -0.18 -0.19 -0.20 -0.20 -0.20 -0.20 -0.20 -0.20 -0.19 -0.18 -0.17 -0.16 -0.14 -0.12 -0.10 -0.08 -0.06 -0.05 -0.04 -0.03 -0.02 -0.01 -0.01 -0.00 -0.00 -0.00 -0.00 -0.00 -0.00 -0.00 -0.00 -0.00 -0.00 -0.00 -0.00 -0.00 -0.00
0.00 -0.01 -0.03 -0.05 -0.08 -0.11 -0.13 -0.16 -0.19 -0.21 -0.23 -0.25 -0.27 -0.29 -0.30 -0.31 -0.32 -0.32 -0.32 -0.32 -0.32 -0.31 -0.30 -0.28 -0.26 -0.23 -0.21 -0.17 -0.14 -0.11 -0.09 -0.06 -0.05 -0.03 -0.02 -0.01 -0.01 -0.00 -0.00 -0.00 -0.00 -0.00 -0.00 -0.00 -0.00 -0.00 -0.00 -0.00 -0.00 -0.00
0.00 -0.02 -0.04 -0.08 -0.12 -0.16 -0.20 -0.23 -0.26 -0.29 -0.32 -0.34 -0.36 -0.38 -0.39 -0.40 -0.41 -0.41 -0.42 -0.42 -0.42 -0.41 -0.40 -0.39 -0.36 -0.33 -0.30 -0.26 -0.21 -0.17 -0.13 -0.10 -0.07 -0.05 -0.03 -0.02 -0.01 -0.01 -0.00 -0.00 -0.00 -0.00 -0.00 -0.00 -0.00 -0.00 -0.00 -0.00 -0.00 -0.00
0.00 -0.02 -0.06 -0.10 -0.16 -0.21 -0.25 -0.29 -0.33 -0.36 -0.38 -0.40 -0.42 -0.43 -0.44 -0.45 -0.46 -0.47 -0.47 -0.48 -0.49 -0.49 -0.48 -0.47 -0.45 -0.42 -0.38 -0.34 -0.29 -0.23 -0.18 -0.14 -0.10 -0.07 -0.05 -0.03 -0.02 -0.01 -0.00 -0.00 -0.00 -0.00 -0.00 -0.00 -0.00 -0.00 -0.00 -0.00 -0.00 -0.00
0.00 -0.03 -0.07 -0.13 -0.20 -0.26 -0.31 -0.35 -0.38 -0.40 -0.42 -0.43 -0.44 -0.45 -0.45 -0.46 -0.46 -0.46 -0.45 -0.42 -0.38 -0.31 -0.20 -0.06 0.10 0.27 0.43 0.56 0.64 0.66 0.63 0.56 0.46 0.35 0.26 0.18 0.12 0.07 0.04 0.02 0.01 0.00 0.00 -0.00 -0.00 -0.00 -0.00 -0.00 -0.00 -0.00
0.00 -0.03 -0.09 -0.16 -0.24 -0.30 -0.35 -0.39 -0.41 -0.43 -0.44 -0.44 -0.44 -0.44 -0.43 -0.43 -0.43 -0.43 -0.43 -0.41 -0.38 -0.31 -0.22 -0.10 0.05 0.21 0.36 0.49 0.57 0.59 0.57 0.50 0.42 0.33 0.24 0.16 0.11 0.07 0.04 0.02 0.01 0.00 0.00 -0.00 -0.00 -0.00 -0.00 -0.00 -0.00 -0.00
0.00 -0.04 -0.11 -0.19 -0.28 -0.34 -0.39 -0.42 -0.43 -0.43 -0.43 -0.42 -0.41 -0.40 -0.39 -0.39 -0.39 -0.38 -0.38 -0.37 -0.34 -0.29 -0.21 -0.11 0.02 0.17 0.30 0.42 0.49 0.52 0.50 0.45 0.38 0.29 0.21 0.15 0.10 0.06 0.04 0.02 0.01 0.00 0.00 -0.00 -0.00 -0.00 -0.00 -0.00 -0.00 -0.00
0.00 -0.05 -0.13 -0.22 -0.31 -0.38 -0.41 -0.43 -0.43 -0.42 -0.40 -0.38 -0.36 -0.35 -0.33 -0.32 -0.32 -0.32 -0.31 -0.30 -0.28 -0.24 -0.18 -0.09 0.02 0.14 0.25 0.35 0.42 0.44 0.43 0.39 0.33 0.26 0.19 0.13 0.09 0.06 0.03 0.02 0.01 0.00 0.00 -0.00 -0.00 -0.00 -0.00 -0.00 -0.00 -0.00
0.00 -0.06 -0.14 -0.24 -0.34 -0.40 -0.42 -0.42 -0.41 -0.38 -0.36 -0.33 -0.30 -0.28 -0.26 -0.25 -0.24 -0.24 -0.24 -0.23 -0.21 -0.18 -0.13 -0.06 0.03 0.13 0.21 0.29 0.35 0.37 0.36 0.33 0.28 0.22 0.16 0.11 0.08 0.05 0.03 0.02 0.01 0.00 0.00 -0.00 -0.00 -0.00 -0.00 -0.00 -0.00 -0.00
0.00 -0.06 -0.15 -0.26 -0.36 -0.41 -0.42 -0.40 -0.37 -0.34 -0.30 -0.27 -0.24 -0.21 -0.19 -0.18 -0.17 -0.16 -0.15 -0.14 -0.13 -0.10 -0.06 -0.00 0.06 0.13 0.19 0.24 0.28 0.30 0.29 0.27 0.23 0.18 0.13 0.09 0.06 0.04 0.02 0.01 0.01 0.00 0.00 -0.00 -0.00 -0.00 -0.00 -0.00 -0.00 -0.00
0.00 -0.07 -0.16 -0.28 -0.36 -0.40 -0.40 -0.37 -0.33 -0.29 -0.24 -0.21 -0.17 -0.15 -0.13 -0.12 -0.10 -0.09 -0.08 -0.06 -0.04 -0.01 0.02 0.06 0.12 0.14 0.16 0.19 0.21 0.23 0.22 0.21 0.18 0.14 0.11 0.08 0.05 0.03 0.02 0.01 0.00 0.00 0.00 -0.00 -0.00 -0.00 -0.00 -0.00 -0.00 -0.00
0.00 -0.07 -0.17 -0.28 -0.36 -0.39 -0.38 -0.33 -0.28 -0.23 -0.19 -0.15 -0.12 -0.10 -0.08 -0.07 -0.05 -0.03 -0.01 0.02 0.05 0.08 0.10 0.13 0.21 0.15 0.13 0.14 0.15 0.15 0.15 0.15 0.13 0.10 0.08 0.06 0.04 0.03 0.01 0.01 0.00 0.00 0.00 -0.00 -0.00 -0.00 -0.00 -0.00 -0.00 -0.00
0.00 -0.07 -0.17 -0.28 -0.36 -0.37 -0.34 -0.29 -0.24 -0.19 -0.14 -0.11 -0.08 -0.06 -0.05 -0.03 -0.01 0.01 0.04 0.10 0.14 0.19 0.17 0.14 0.13 0.10 0.08 0.07 0.07 0.08 0.09 0.09 0.08 0.07 0.06 0.04 0.03 0.02 0.01 0.01 0.00 0.00 0.00 -0.00 -0.00 -0.00 -0.00 -0.00 -0.00 -0.00
0.00 -0.07 -0.17 -0.28 -0.34 -0.35 -0.31 -0.26 -0.20 -0.15 -0.11 -0.08 -0.05 -0.04 -0.02 -0.01 0.01 0.04 0.07 0.18 0.22 0.17 0.10 0.06 0.04 0.02 0.02 0.01 0.01 0.02 0.02 0.04 0.05 0.04 0.04 0.03 0.02 0.01 0.01 0.00 0.00 0.00 0.00 -0.00 -0.00 -0.00 -0.00 -0.00 -0.00 -0.00
0.00 -0.07 -0.17 -0.27 -0.33 -0.33 -0.28 -0.22 -0.16 -0.11 -0.08 -0.05 -0.04 -0.02 -0.01 0.00 0.02 0.08 0.21 0.23 0.15 0.07 0.03 0.01 0.01 0.00 0.00 0.00 0.00 0.00 0.00 0.01 0.02 0.02 0.02 0.02 0.01 0.01 0.00 0.00 0.00 0.00 0.00 -0.00 -0.00 -0.00 -0.00 -0.00 -0.00 -0.00
0.00 -0.07 -0.17 -0.27 -0.31 -0.30 -0.25 -0.19 -0.13 -0.09 -0.06 -0.04 -0.03 -0.02 -0.01 0.00 0.00 0.16 0.26 0.16 0.06 0.02 0.01 0.00 0.00 0.00 0.00 0.00 0.00 0.00 0.00 0.00 0.00 0.01 0.01 0.01 0.01 0.00 0.00 0.00 0.00 0.00 0.00 -0.00 -0.00 -0.00 -0.00 -0.00 -0.00 -0.00
0.00 -0.07 -0.17 -0.26 -0.30 -0.28 -0.23 -0.17 -0.11 -0.07 -0.05 -0.03 -0.02 -0.01 -0.00 0.02 0.11 0.26 0.20 0.08 0.02 0.00 0.00 0.00 0.00 0.00 0.00 0.00 0.00 0.00 0.00 0.00 0.00 0.00 0.01 0.01 0.00 0.00 0.00 0.00 0.00 0.00 0.00 -0.00 -0.00 -0.00 -0.00 -0.00 -0.00 -0.00
0.00 -0.07 -0.16 -0.25 -0.29 -0.26 -0.21 -0.15 -0.10 -0.06 -0.04 -0.03 -0.02 -0.02 -0.01 -0.02 0.14 0.25 0.14 0.04 0.01 0.00 0.00 0.00 0.00 0.00 0.00 0.00 0.00 0.00 0.00 0.00 0.00 0.00 0.00 0.00 0.00 0.00 0.00 0.00 0.00 0.00 0.00 -0.00 -0.00 -0.00 -0.00 -0.00 -0.00 -0.00
0.00 -0.07 -0.16 -0.24 -0.27 -0.25 -0.19 -0.13 -0.09 -0.05 -0.04 -0.03 -0.02 -0.01 -0.00 0.01 0.21 0.22 0.09 0.02 0.00 0.00 0.00 0.00 0.00 0.00 0.00 0.00 0.00 0.00 0.00 0.00 0.00 0.00 0.00 0.00 0.00 0.00 0.00 0.00 0.00 0.00 0.00 -0.00 -0.00 -0.00 -0.00 -0.00 -0.00 -0.00
0.00 -0.07 -0.16 -0.24 -0.27 -0.24 -0.18 -0.12 -0.08 -0.05 -0.03 -0.03 -0.02 -0.01 0.01 0.08 0.23 0.19 0.07 0.02 0.00 0.00 0.00 0.00 0.00 0.00 0.00 0.00 0.00 0.00 0.00 0.00 0.00 0.00 0.00 0.00 0.00 0.00 0.00 0.00 0.00 0.00 0.00 -0.00 -0.00 -0.00 -0.00 -0.00 -0.00 -0.00
0.00 -0.07 -0.16 -0.24 -0.26 -0.23 -0.18 -0.12 -0.08 -0.05 -0.03 -0.03 -0.03 -0.03 -0.01 0.09 0.25 0.17 0.06 0.01 0.00 0.00 0.00 0.00 0.00 0.00 0.00 0.00 0.00 0.00 0.00 0.00 0.00 0.00 0.00 0.00 0.00 0.00 0.00 0.00 0.00 0.00 0.00 -0.00 -0.00 -0.00 -0.00 -0.00 -0.00 -0.00
0.00 -0.07 -0.16 -0.23 -0.26 -0.23 -0.17 -0.12 -0.07 -0.05 -0.03 -0.03 -0.04 -0.05 -0.11 -0.01 0.25 0.18 0.06 0.01 0.00 0.00 0.00 0.00 0.00 0.00 0.00 0.00 0.00 0.00 0.00 0.00 0.00 0.00 0.00 0.00 0.00 0.00 0.00 0.00 0.00 0.00 0.00 -0.00 -0.00 -0.00 -0.00 -0.00 -0.00 -0.00
0.00 -0.07 -0.16 -0.24 -0.26 -0.23 -0.18 -0.12 -0.08 -0.05 -0.03 -0.03 -0.03 -0.03 -0.01 0.09 0.25 0.17 0.06 0.01 0.00 0.00 0.00 0.00 0.00 0.00 0.00 0.00 0.00 0.00 0.00 0.00 0.00 0.00 0.00 0.00 0.00 0.00 0.00 0.00 0.00 0.00 0.00 -0.00 -0.00 -0.00 -0.00 -0.00 -0.00 -0.00
0.00 -0.07 -0.16 -0.24 -0.27 -0.24 -0.18 -0.12 -0.08 -0.05 -0.03 -0.03 -0.02 -0.01 0.01 0.08 0.23 0.19 0.07 0.02 0.00 0.00 0.00 0.00 0.00 0.00 0.00 0.00 0.00 0.00 0.00 0.00 0.00 0.00 0.00 0.00 0.00 0.00 0.00 0.00 0.00 0.00 0.00 -0.00 -0.00 -0.00 -0.00 -0.00 -0.00 -0.00
0.00 -0.07 -0.16 -0.24 -0.27 -0.25 -0.19 -0.13 -0.09 -0.05 -0.04 -0.03 -0.02 -0.01 -0.00 0.01 0.21 0.22 0.09 0.02 0.00 0.00 0.00 0.00 0.00 0.00 0.00 0.00 0.00 0.00 0.00 0.00 0.00 0.00 0.00 0.00 0.00 0.00 0.00 0.00 0.00 0.00 0.00 -0.00 -0.00 -0.00 -0.00 -0.00 -0.00 -0.00
0.00 -0.07 -0.16 -0.25 -0.29 -0.26 -0.21 -0.15 -0.10 -0.06 -0.04 -0.03 -0.02 -0.02 -0.01 -0.02 0.14 0.25 0.14 0.04 0.01 0.00 0.00 0.00 0.00 0.00 0.00 0.00 0.00 0.00 0.00 0.00 0.00 0.00 0.00 0.00 0.00 0.00 0.00 0.00 0.00 0.00 0.00 -0.00 -0.00 -0.00 -0.00 -0.00 -0.00 -0.00
0.00 -0.07 -0.17 -0.26 -0.30 -0.28 -0.23 -0.17 -0.11 -0.07 -0.05 -0.03 -0.02 -0.02 -0.00 0.02 0.11 0.26 0.20 0.08 0.02 0.00 0.00 0.00 0.00 0.00 0.00 0.00 0.00 0.00 0.00 0.00 0.00 0.00 0.01 0.01 0.00 0.00 0.00 0.00 0.00 0.00 0.00 -0.00 -0.00 -0.00 -0.00 -0.00 -0.00 -0.00
0.00 -0.07 -0.17 -0.27 -0.31 -0.30 -0.25 -0.19 -0.14 -0.09 -0.06 -0.04 -0.03 -0.02 -0.01 0.00 0.00 0.16 0.26 0.16 0.06 0.02 0.01 0.00 0.00 0.00 0.00 0.00 0.00 0.00 0.00 0.00 0.00 0.01 0.01 0.01 0.01 0.00 0.00 0.00 0.00 0.00 0.00 -0.00 -0.00 -0.00 -0.00 -0.00 -0.00 -0.00
0.00 -0.07 -0.17 -0.27 -0.33 -0.33 -0.28 -0.22 -0.16 -0.12 -0.08 -0.05 -0.04 -0.02 -0.01 0.00 0.02 0.08 0.21 0.23 0.15 0.07 0.03 0.01 0.01 0.00 0.00 0.00 0.00 0.00 0.00 0.01 0.02 0.02 0.02 0.02 0.01 0.01 0.00 0.00 0.00 0.00 0.00 -0.00 -0.00 -0.00 -0.00 -0.00 -0.00 -0.00
0.00 -0.07 -0.17 -0.28 -0.34 -0.35 -0.31 -0.26 -0.20 -0.15 -0.11 -0.08 -0.05 -0.04 -0.03 -0.01 0.01 0.04 0.07 0.18 0.22 0.17 0.11 0.06 0.04 0.02 0.02 0.01 0.01 0.02 0.02 0.04 0.05 0.04 0.04 0.03 0.02 0.01 0.01 0.00 0.00 0.00 0.00 -0.00 -0.00 -0.00 -0.00 -0.00 -0.00 -0.00
0.00 -0.07 -0.17 -0.28 -0.36 -0.37 -0.35 -0.30 -0.24 -0.19 -0.14 -0.11 -0.08 -0.06 -0.05 -0.03 -0.02 0.01 0.04 0.10 0.14 0.20 0.17 0.14 0.13 0.10 0.08 0.07 0.07 0.08 0.09 0.09 0.08 0.07 0.06 0.04 0.03 0.02 0.01 0.01 0.00 0.00 0.00 -0.00 -0.00 -0.00 -0.00 -0.00 -0.00 -0.00
0.00 -0.07 -0.17 -0.28 -0.36 -0.39 -0.38 -0.34 -0.29 -0.24 -0.19 -0.15 -0.12 -0.10 -0.08 -0.07 -0.05 -0.04 -0.01 0.02 0.05 0.08 0.10 0.13 0.21 0.15 0.13 0.14 0.15 0.16 0.16 0.15 0.13 0.11 0.08 0.06 0.04 0.03 0.01 0.01 0.00 0.00 0.00 -0.00 -0.00 -0.00 -0.00 -0.00 -0.00 -0.00
0.00 -0.07 -0.16 -0.28 -0.36 -0.40 -0.40 -0.37 -0.33 -0.29 -0.25 -0.21 -0.18 -0.15 -0.13 -0.12 -0.11 -0.09 -0.08 -0.06 -0.04 -0.01 0.02 0.06 0.12 0.14 0.16 0.19 0.22 0.23 0.22 0.21 0.18 0.14 0.11 0.08 0.05 0.03 0.02 0.01 0.00 0.00 0.00 -0.00 -0.00 -0.00 -0.00 -0.00 -0.00 -0.00
0.00 -0.06 -0.15 -0.26 -0.35 -0.41 -0.42 -0.40 -0.37 -0.34 -0.30 -0.27 -0.24 -0.21 -0.19 -0.18 -0.17 -0.16 -0.16 -0.14 -0.13 -0.10 -0.06 -0.00 0.06 0.13 0.19 0.24 0.28 0.30 0.29 0.27 0.23 0.18 0.13 0.10 0.06 0.04 0.02 0.01 0.01 0.00 0.00 -0.00 -0.00 -0.00 -0.00 -0.00 -0.00 -0.00
0.00 -0.06 -0.14 -0.24 -0.34 -0.40 -0.42 -0.42 -0.41 -0.39 -0.36 -0.33 -0.30 -0.28 -0.26 -0.25 -0.24 -0.24 -0.24 -0.23 -0.21 -0.18 -0.13 -0.06 0.03 0.12 0.21 0.29 0.35 0.37 0.36 0.33 0.28 0.22 0.16 0.11 0.08 0.05 0.03 0.02 0.01 0.00 0.00 -0.00 -0.00 -0.00 -0.00 -0.00 -0.00 -0.00
0.00 -0.05 -0.13 -0.22 -0.31 -0.38 -0.41 -0.43 -0.43 -0.42 -0.40 -0.38 -0.36 -0.35 -0.33 -0.33 -0.32 -0.32 -0.32 -0.31 -0.29 -0.25 -0.18 -0.10 0.02 0.14 0.25 0.35 0.42 0.45 0.43 0.39 0.33 0.26 0.19 0.13 0.09 0.06 0.03 0.02 0.01 0.00 0.00 -0.00 -0.00 -0.00 -0.00 -0.00 -0.00 -0.00
0.00 -0.04 -0.11 -0.19 -0.28 -0.34 -0.39 -0.42 -0.43 -0.43 -0.43 -0.42 -0.41 -0.40 -0.39 -0.39 -0.39 -0.39 -0.38 -0.37 -0.34 -0.29 -0.22 -0.11 0.02 0.16 0.30 0.42 0.49 0.52 0.50 0.45 0.38 0.30 0.22 0.15 0.10 0.06 0.04 0.02 0.01 0.00 0.00 -0.00 -0.00 -0.00 -0.00 -0.00 -0.00 -0.00
0.00 -0.04 -0.09 -0.16 -0.24 -0.30 -0.35 -0.39 -0.42 -0.43 -0.44 -0.44 -0.44 -0.44 -0.44 -0.44 -0.44 -0.43 -0.43 -0.41 -0.38 -0.32 -0.22 -0.10 0.05 0.21 0.36 0.49 0.57 0.59 0.57 0.51 0.42 0.33 0.24 0.17 0.11 0.07 0.04 0.02 0.01 0.00 0.00 -0.00 -0.00 -0.00 -0.00 -0.00 -0.00 -0.00
0.00 -0.03 -0.07 -0.13 -0.20 -0.25 -0.30 -0.35 -0.38 -0.41 -0.43 -0.44 -0.44 -0.45 -0.45 -0.46 -0.46 -0.46 -0.45 -0.43 -0.38 -0.31 -0.21 -0.07 0.10 0.27 0.43 0.56 0.64 0.66 0.63 0.56 0.46 0.36 0.26 0.18 0.12 0.08 0.04 0.02 0.01 0.00 0.00 -0.00 -0.00 -0.00 -0.00 -0.00 -0.00 -0.00
0.00 -0.02 -0.06 -0.11 -0.16 -0.21 -0.24 -0.32 -0.34 -0.37 -0.39 -0.41 -0.42 -0.43 -0.44 -0.45 -0.45 -0.45 -0.44 -0.41 -0.36 -0.28 -0.16 -0.01 0.16 0.34 0.51 0.64 0.71 0.72 0.68 0.60 0.49 0.38 0.28 0.19 0.13 0.08 0.05 0.02 0.01 0.00 0.00 -0.00 0.00 0.00 0.00 0.00 0.00 0.00
0.00 -0.02 -0.04 -0.08 -0.12 -0.16 -0.20 -0.24 -0.28 -0.31 -0.33 -0.36 -0.38 -0.39 -0.40 -0.41 -0.42 -0.43 -0.44 -0.44 -0.44 -0.43 -0.42 -0.41 -0.38 -0.35 -0.31 -0.27 -0.22 -0.18 -0.14 -0.10 -0.07 -0.05 -0.03 -0.02 -0.01 -0.00 -0.00 -0.00 -0.00 -0.00 0.00 0.00 0.00 0.00 0.00 0.00 0.00 0.00
0.00 -0.01 -0.03 -0.06 -0.09 -0.12 -0.15 -0.18 -0.21 -0.24 -0.26 -0.29 -0.31 -0.32 -0.33 -0.35 -0.35 -0.36 -0.36 -0.36 -0.36 -0.35 -0.34 -0.32 -0.29 -0.27 -0.23 -0.20 -0.16 -0.13 -0.10 -0.07 -0.05 -0.03 -0.02 -0.01 -0.01 -0.00 -0.00 -0.00 -0.00 0.00 0.00 0.00 0.00 0.00 0.00 0.00 0.00 0.00
0.00 -0.01 -0.02 -0.04 -0.06 -0.08 -0.10 -0.12 -0.14 -0.16 -0.18 -0.20 -0.22 -0.23 -0.24 -0.25 -0.26 -0.26 -0.26 -0.26 -0.26 -0.25 -0.24 -0.22 -0.20 -0.18 -0.15 -0.13 -0.10 -0.08 -0.06 -0.04 -0.03 -0.02 -0.01 -0.01 -0.00 -0.00 -0.00 -0.00 0.00 0.00 0.00 0.00 0.00 0.00 0.00 0.00 0.00 0.00
0.00 -0.01 -0.01 -0.02 -0.03 -0.05 -0.06 -0.07 -0.08 -0.09 -0.11 -0.12 -0.13 -0.14 -0.14 -0.15 -0.15 -0.16 -0.16 -0.16 -0.15 -0.15 -0.14 -0.13 -0.12 -0.10 -0.09 -0.07 -0.06 -0.05 -0.03 -0.02 -0.02 -0.01 -0.01 -0.00 -0.00 -0.00 -0.00 0.00 0.00 0.00 0.00 0.00 0.00 0.00 0.00 0.00 0.00 0.00
0.00 -0.00 -0.01 -0.01 -0.02 -0.02 -0.03 -0.03 -0.04 -0.04 -0.05 -0.05 -0.06 -0.06 -0.07 -0.07 -0.07 -0.07 -0.07 -0.07 -0.07 -0.07 -0.06 -0.06 -0.05 -0.05 -0.04 -0.03 -0.03 -0.02 -0.02 -0.01 -0.01 -0.00 -0.00 -0.00 -0.00 0.00 0.00 0.00 0.00 0.00 0.00 0.00 0.00 0.00 0.00 0.00 0.00 0.00
0.00 -0.00 -0.00 -0.00 -0.01 -0.01 -0.01 -0.01 -0.01 -0.01 -0.02 -0.02 -0.02 -0.02 -0.02 -0.02 -0.02 -0.02 -0.02 -0.02 -0.02 -0.02 -0.02 -0.02 -0.02 -0.02 -0.01 -0.01 -0.01 -0.01 -0.01 -0.00 -0.00 -0.00 -0.00 -0.00 -0.00 0.00 0.00 0.00 0.00 0.00 0.00 0.00 0.00 0.00 0.00 0.00 0.00 0.00
0.00 -0.00 -0.00 -0.00 -0.00 -0.00 -0.00 -0.00 -0.00 -0.00 -0.00 -0.01 -0.01 -0.01 -0.01 -0.01 -0.01 -0.01 -0.01 -0.01 -0.01 -0.01 -0.01 -0.01 -0.01 -0.00 -0.00 -0.00 -0.00 -0.00 -0.00 -0.00 -0.00 -0.00 -0.00 0.00 0.00 0.00 0.00 0.00 0.00 0.00 0.00 0.00 0.00 0.00 0.00 0.00 0.00 0.00
