0.935307
0.867452
0.795776
0.722857
0.650888
0.582356
0.518526
0.458626
0.401743
0.348361
0.299028
0.25319
0.210641
0.172273
0.13841
0.108584
0.0832353
0.0629651
0.0468019
0.0337103
0.0238487
0.0166671
0.0109615
0.00685513
0.00442343
0.0025792
0.00124629
0.000829783
0.000469941
3.46397e-05
0.000142777
0.000127134
-0.000124294
6.47245e-05
7.47877e-05
-0.000131053
7.70201e-05
3.84842e-05
-0.000116336
0.000100573
-1.18673e-05
-8.02807e-05
0.000111595
-6.69909e-05
-1.7793e-05
8.62909e-05
-9.95883e-05
5.49773e-05
1.66844e-05
-7.51072e-05
9.15661e-05
-6.24745e-05
6.39916e-06
4.86646e-05
-7.92896e-05
7.51856e-05
-4.23734e-05
-3.85896e-06
4.53368e-05
-6.84584e-05
6.76827e-05
-4.62995e-05
1.33315e-05
2.06019e-05
-4.63262e-05
5.84131e-05
-5.61498e-05
4.16839e-05
-1.99142e-05
-3.654e-06
2.43169e-05
-3.8749e-05
4.5517e-05
-4.48634e-05
3.81461e-05
-2.70778e-05
1.43397e-05
-1.51408e-06
-9.74262e-06
1.89798e-05
-2.50848e-05
2.83298e-05
-2.89337e-05
2.75641e-05
-2.50189e-05
2.14441e-05
-1.72467e-05
1.33929e-05
-9.49837e-06
6.01677e-06
-3.1506e-06
8.22103e-07
7.85615e-07
-1.85582e-06
2.50181e-06
-2.81364e-06
2.61402e-06
-2.20713e-06
1.52837e-06
-8.74447e-07
0
-8.74447e-07
1.52837e-06
-2.20713e-06
2.61402e-06
-2.81364e-06
2.50181e-06
-1.85582e-06
7.85615e-07
8.22103e-07
-3.1506e-06
6.01677e-06
-9.49837e-06
1.33929e-05
-1.72467e-05
2.14441e-05
-2.50189e-05
2.75641e-05
-2.89337e-05
2.83298e-05
-2.50848e-05
1.89798e-05
-9.74262e-06
-1.51408e-06
1.43397e-05
-2.70778e-05
3.81461e-05
-4.48634e-05
4.5517e-05
-3.8749e-05
2.43169e-05
-3.654e-06
-1.99142e-05
4.16839e-05
-5.61498e-05
5.84131e-05
-4.63262e-05
2.06019e-05
1.33315e-05
-4.62995e-05
6.76827e-05
-6.84584e-05
4.53368e-05
-3.85896e-06
-4.23734e-05
7.51856e-05
-7.92896e-05
4.86646e-05
6.39916e-06
-6.24745e-05
9.15661e-05
-7.51072e-05
1.66844e-05
5.49773e-05
-9.95883e-05
8.62909e-05
-1.77927e-05
-6.69895e-05
0.000111601
-8.02568e-05
-1.17962e-05
0.00010075
-0.000115943
3.93608e-05
7.91703e-05
-0.000125529
8.84238e-05
9.63559e-05
-5.4468e-05
0.000274555
0.000439124
0.00060053
0.00149628
0.002597
0.00413571
0.00707073
0.0110798
0.0163041
0.0238951
0.0338699
0.0462351
0.0623089
0.0826018
0.1066
0.134604
0.166613
0.201117
0.237056
0.274502
0.312698
0.350218
0.387055
0.42444
0.463382
0.505094
0.551677
0.604821
0.664534
0.729677
0.798413
