-0.433726
-0.296105
-0.164542
-0.0457501
0.0546978
0.133241
0.189228
0.223963
0.239269
0.238007
0.224756
0.203998
0.178444
0.15044
0.123028
0.0981234
0.076014
0.0573214
0.0426563
0.0310633
0.0216695
0.0148168
0.0100062
0.00618691
0.00364374
0.00233353
0.00122096
0.000493812
0.000438874
0.000184454
-6.82753e-05
0.000137624
3.79135e-05
-0.000120886
0.000112123
2.62393e-07
-0.000102816
0.00011807
-4.06993e-05
-6.26226e-05
0.000114542
-8.33454e-05
-1.95361e-06
8.07862e-05
-0.000104376
6.37328e-05
1.11878e-05
-7.53109e-05
9.49589e-05
-6.44021e-05
4.13997e-06
5.38964e-05
-8.36072e-05
7.49496e-05
-3.58019e-05
-1.47722e-05
5.60181e-05
-7.41386e-05
6.53457e-05
-3.59545e-05
-2.75989e-06
3.71942e-05
-5.86605e-05
6.25932e-05
-5.03517e-05
2.74061e-05
-3.00879e-07
-2.43889e-05
4.21817e-05
-5.01366e-05
4.85686e-05
-3.94274e-05
2.4984e-05
-8.51018e-06
-7.0717e-06
2.00375e-05
-2.92538e-05
3.41821e-05
-3.52583e-05
3.29981e-05
-2.84665e-05
2.22419e-05
-1.55738e-05
8.9829e-06
-2.95787e-06
-2.32879e-06
6.32496e-06
-9.08794e-06
1.11205e-05
-1.18637e-05
1.2328e-05
-1.18857e-05
1.10692e-05
-9.94133e-06
8.72289e-06
-7.33138e-06
5.52536e-06
-4.05623e-06
2.46185e-06
-7.41177e-07
7.41177e-07
-2.46185e-06
4.05623e-06
-5.52536e-06
7.33138e-06
-8.72289e-06
9.94133e-06
-1.10692e-05
1.18857e-05
-1.2328e-05
1.18637e-05
-1.11205e-05
9.08794e-06
-6.32496e-06
2.32879e-06
2.95787e-06
-8.9829e-06
1.55738e-05
-2.22419e-05
2.84665e-05
-3.29981e-05
3.52583e-05
-3.41821e-05
2.92538e-05
-2.00375e-05
7.0717e-06
8.51018e-06
-2.4984e-05
3.94274e-05
-4.85686e-05
5.01366e-05
-4.21817e-05
2.43889e-05
3.00879e-07
-2.74061e-05
5.03517e-05
-6.25932e-05
5.86605e-05
-3.71942e-05
2.75989e-06
3.59545e-05
-6.53457e-05
7.41386e-05
-5.60181e-05
1.47722e-05
3.58019e-05
-7.49496e-05
8.36072e-05
-5.38964e-05
-4.13997e-06
6.44021e-05
-9.49589e-05
7.53109e-05
-1.11878e-05
-6.37328e-05
0.000104376
-8.07872e-05
1.94895e-06
8.33276e-05
-0.000114597
6.24792e-05
4.03743e-05
-0.000118787
0.0001011
-4.65406e-06
-0.000123112
9.50307e-05
-9.56021e-05
-0.000260737
-0.000182222
-0.000668767
-0.00132832
-0.0020449
-0.00378926
-0.00637528
-0.00970279
-0.0148761
-0.0220002
-0.0308733
-0.0426676
-0.0580097
-0.0765725
-0.0989658
-0.125502
-0.154635
-0.184787
-0.214967
-0.242833
-0.264942
-0.27842
-0.280206
-0.266233
-0.2333
-0.180299
-0.106744
-0.0122535
0.101374
0.229162
0.364838
0
