-1.87856
-1.88271
-1.86818
-1.80774
-1.68504
-1.53242
-1.52424
-1.48742
-1.39183
-1.26767
-1.13567
-0.991129
-0.800056
-0.589233
-0.378926
-0.173565
0.0510622
0.275648
0.488915
0.689846
0.878015
1.04264
1.18027
1.30735
1.39713
1.45487
1.47095
1.47598
1.43116
1.36947
1.26487
1.14214
0.974133
0.809634
0.620002
0.414743
0.197823
-0.0222095
-0.249328
-0.479196
-0.66958
-0.868122
-1.03479
-1.18823
-1.30557
-1.42756
-1.49656
-1.53794
-1.56086
-1.53141
-1.47305
-1.38339
-1.27863
-1.1177
-0.972071
-0.792173
-0.591514
-0.399508
-0.190959
0.0206822
0.231601
0.418935
0.628909
0.795874
0.952169
1.10592
1.20694
1.30227
1.36441
1.39405
1.39175
1.37051
1.30698
1.21601
1.11609
0.963033
0.814043
0.640003
0.439183
0.252564
0.0394058
-0.166393
-0.364221
-0.565053
-0.745501
-0.912214
-1.06219
-1.1868
-1.28508
-1.36081
-1.40189
-1.41533
-1.40162
-1.35055
-1.27893
-1.17462
-1.04542
-0.898828
-0.725232
-0.543975
-0.346287
-0.135432
0.0711667
0.256094
0.405082
0.508094
0.559607
0.559033
0.510184
0.42074
0.301384
0.164334
0.0228592
-0.110981
-0.225849
-0.313787
-0.368756
-0.388808
-0.374585
-0.329676
-0.260541
-0.174168
-0.0799521
0.0141621
0.0998721
0.170213
0.221113
0.248595
0.252849
0.235122
0.197742
0.146676
0.0862664
0.0223166
-0.038186
-0.0918807
-0.134092
-0.160938
-0.173101
-0.169782
-0.151122
-0.121902
-0.0848676
-0.0418765
0.00101564
0.0395483
0.0732606
0.0988807
0.112566
0.1158
0.110796
0.0962654
0.0729159
0.0459573
0.0190234
-0.00813842
-0.0343853
-0.0551763
-0.067457
-0.0725693
-0.0727753
-0.0676571
-0.0556612
-0.0376664
-0.0173256
0.00178799
0.0183515
0.0326764
0.0447712
0.0534504
0.0571133
0.0550779
0.0482101
0.038526
0.0282761
0.0191708
0.0120706
0.00709206
0.00390515
0.00202291
0.000989137
0.000457912
0.000201242
8.41602e-05
3.3565e-05
1.27911e-05
4.66591e-06
1.63184e-06
5.47989e-07
1.76934e-07
5.49969e-08
1.64762e-08
4.76247e-09
1.32954e-09
3.58812e-10
9.36951e-11
2.36991e-11
5.84279e-12
1.54803e-12
1.05304e-12
