0.941357
0.940321
0.930517
0.891841
0.82566
-0.908462
-0.956825
-0.993435
-1.01014
-1.00303
-0.965155
-0.922564
-0.854158
-0.761545
-0.642737
-0.535339
-0.40842
-0.265902
-0.104669
0.034747
0.181368
0.323862
0.467665
0.591781
0.712255
0.811128
0.887221
0.953009
1.00079
1.02676
1.01636
1.00259
0.948761
0.890494
0.806545
0.721625
0.59049
0.4648
0.322809
0.172156
0.0221072
-0.116835
-0.255694
-0.409292
-0.526619
-0.662781
-0.776063
-0.875743
-0.940741
-1.00859
-1.03469
-1.03362
-1.0382
-0.996015
-0.948248
-0.881656
-0.807339
-0.695055
-0.596816
-0.47672
-0.33078
-0.210746
-0.0587867
0.0844666
0.223303
0.358014
0.495109
0.608227
0.710498
0.81616
0.872005
0.938186
0.974896
0.978426
0.984685
0.950487
0.902927
0.839699
0.753465
0.65106
0.540206
0.413686
0.275068
0.142914
-0.00755945
-0.147596
-0.283003
-0.42451
-0.539553
-0.656411
-0.754909
-0.830868
-0.901115
-0.939497
-0.964934
-0.968894
-0.946838
-0.912007
-0.849963
-0.774696
-0.342764
0.0872874
0.479398
0.803023
1.03532
1.16345
1.18372
1.10277
0.934406
0.699986
0.42385
0.133169
-0.146456
-0.391749
-0.584033
-0.711181
-0.766163
-0.750594
-0.669659
-0.536049
-0.364332
-0.171824
0.0226647
0.203981
0.355861
0.468805
0.535869
0.553455
0.525919
0.456813
0.355793
0.235228
0.104059
-0.0233781
-0.136375
-0.229027
-0.291602
-0.321706
-0.321886
-0.290488
-0.23318
-0.160243
-0.0752155
0.0145144
0.0962716
0.166003
0.222191
0.25661
0.266232
0.257321
0.231957
0.188054
0.131779
0.0742242
0.0190364
-0.0346549
-0.0815516
-0.112747
-0.126263
-0.127252
-0.118883
-0.0989789
-0.066157
-0.0251207
0.0159669
0.0515833
0.0809463
0.105054
0.123204
0.13267
0.131057
0.118575
0.0983619
0.0750485
0.0528906
0.034587
0.0210802
0.0120246
0.00644376
0.00325516
0.0015549
0.000704254
0.000303203
0.000124362
4.86937e-05
1.82344e-05
6.54139e-06
2.25153e-06
7.44612e-07
2.36913e-07
7.26066e-08
2.14574e-08
6.12126e-09
1.68728e-09
4.49787e-10
1.16048e-10
2.89643e-11
6.82963e-12
7.74014e-13
0
