-1.37901
-1.27803
-1.15893
-1.0217
-0.863588
-0.674667
-0.750968
-0.808449
-0.865859
-0.912039
-0.9433
-0.935657
-0.903388
-0.850926
-0.798159
-0.727076
-0.632767
-0.514592
-0.397481
-0.294144
-0.185825
-0.0628642
0.0806331
0.197604
0.303562
0.392194
0.511385
0.604571
0.682407
0.717261
0.771505
0.809605
0.825998
0.801969
0.77266
0.749679
0.690845
0.615535
0.515218
0.441123
0.328304
0.21504
0.0894594
-0.0177829
-0.13646
-0.264383
-0.364505
-0.471322
-0.556353
-0.650044
-0.703852
-0.759792
-0.798502
-0.809188
-0.814866
-0.792898
-0.767655
-0.704433
-0.647883
-0.569412
-0.467138
-0.374593
-0.26208
-0.147388
-0.0217775
0.0873573
0.207647
0.331168
0.420805
0.525167
0.615745
0.67999
0.73814
0.786552
0.80837
0.807919
0.811484
0.778554
0.726699
0.68161
0.5993
0.507467
0.420557
0.307894
0.189435
0.0813607
-0.042216
-0.167481
-0.270278
-0.38626
-0.492007
-0.568593
-0.659122
-0.7214
-0.759286
-0.806682
-0.81167
-0.806654
-0.799564
-0.747645
-0.701456
-0.587138
-0.42358
-0.222677
-0.00377265
0.216677
0.417411
0.582959
0.698478
0.752789
0.745011
0.669048
0.541128
0.360431
0.154598
-0.068325
-0.285248
-0.473121
-0.629014
-0.720666
-0.757642
-0.729673
-0.629832
-0.490116
-0.297932
-0.0777871
0.133415
0.350369
0.535051
0.6559
0.741393
0.763953
0.695983
0.586526
0.442385
0.230356
-0.00416246
-0.20426
-0.394304
-0.585737
-0.714792
-0.745346
-0.721436
-0.675321
-0.572311
-0.381058
-0.138084
0.090092
0.276405
0.438886
0.592691
0.718578
0.778311
0.749606
0.643664
0.496087
0.345924
0.219938
0.128404
0.0692648
0.0347101
0.0162352
0.00711724
0.00293486
0.00114202
0.000420533
0.000146916
4.88059e-05
1.54489e-05
4.6683e-06
1.34894e-06
3.73317e-07
9.90911e-08
2.52602e-08
6.1918e-09
1.46105e-09
3.32234e-10
7.28753e-11
1.54339e-11
3.15867e-12
6.25206e-13
1.19774e-13
2.22248e-14
3.99712e-15
6.97219e-16
1.18025e-16
1.94004e-17
3.0983e-18
4.80995e-19
7.2624e-20
1.06697e-20
1.52599e-21
2.12555e-22
2.88465e-23
3.81586e-24
4.92194e-25
6.19282e-26
7.60841e-27
9.58017e-28
5.09815e-28
