0.639017
0.428007
0.220908
0.0220706
-0.179872
-0.759497
-0.960144
-1.13426
-1.28306
-1.3972
-1.49729
-1.56446
-1.60165
-1.57958
-1.52812
-1.44495
-1.35978
-1.23462
-1.08035
-0.886727
-0.701096
-0.510675
-0.310404
-0.0789956
0.155393
0.363209
0.557738
0.74779
0.951307
1.10623
1.2362
1.32702
1.43048
1.48002
1.49435
1.46455
1.43082
1.36395
1.24597
1.11229
0.954308
0.793683
0.580576
0.380984
0.165482
-0.0468151
-0.271998
-0.485207
-0.674731
-0.873963
-1.03324
-1.18475
-1.29775
-1.39854
-1.45686
-1.48202
-1.49371
-1.44939
-1.39003
-1.29466
-1.17753
-1.02371
-0.853772
-0.678798
-0.461005
-0.255803
-0.0434552
0.182069
0.396987
0.598047
0.789581
0.977185
1.1199
1.25184
1.36856
1.42922
1.47628
1.49707
1.46806
1.41644
1.34376
1.22586
1.08532
0.937171
0.746416
0.54915
0.352637
0.123547
-0.0903321
-0.300579
-0.522296
-0.712957
-0.896356
-1.06731
-1.20132
-1.32054
-1.40901
-1.4618
-1.49134
-1.48249
-1.33004
-1.06155
-0.703737
-0.282648
0.158888
0.591732
0.967664
1.2674
1.45082
1.51658
1.44655
1.25469
0.956907
0.569676
0.145836
-0.30609
-0.716886
-1.07482
-1.34266
-1.48019
-1.51368
-1.39657
-1.16422
-0.849398
-0.429876
0.00332373
0.429117
0.854577
1.17241
1.38363
1.52163
1.494
1.31424
1.07867
0.740509
0.280171
-0.166532
-0.548216
-0.937362
-1.29125
-1.47272
-1.47862
-1.41531
-1.29287
-1.02068
-0.583683
-0.0957051
0.328739
0.677197
0.995823
1.29078
1.50146
1.55601
1.43433
1.18152
0.876269
0.589793
0.362989
0.205656
0.107896
0.0526882
0.0240554
0.0103087
0.00416085
0.00158663
0.000573136
0.000196602
6.41821e-05
1.998e-05
5.94173e-06
1.69076e-06
4.61057e-07
1.20652e-07
3.03374e-08
7.33839e-09
1.70955e-09
3.83944e-10
8.32102e-11
1.7418e-11
3.52453e-12
6.8997e-13
1.30771e-13
2.40132e-14
4.27503e-15
7.38333e-16
1.2378e-16
2.01552e-17
3.18927e-18
4.90671e-19
7.34344e-20
1.0696e-20
1.5169e-21
2.09549e-22
2.82092e-23
3.70207e-24
4.73815e-25
5.91571e-26
7.16572e-27
4.79009e-28
0
